==============================================
WIZARD LOTOFÁCIL - CLI
==============================================
Base histórica: base/base_limpa.xlsx
Modo: conservador
Últimos: 501 concursos
Jogos finais desejados: 52
Candidatos (amostragem): 300000
Preset: cobertura (param: auto)
Bandas: soft
==============================================

🔍 Lendo combinações de: combinacoes/combinacoes_inteligentes.csv
Modo: conservador | Jogos finais desejados: 52
Candidatos (amostragem): 300000
Preset: cobertura (param: auto)
Bandas: soft

========================================
        JOGOS GERADOS PELO WIZARD       
========================================
Modo: conservador
Jogos finais: 52
Preset: cobertura (param: auto)
Bandas: soft

Jogo 01: 01 05 06 07 09 10 11 13 14 15 18 20 21 22 25
Jogo 02: 01 02 03 04 08 10 11 12 16 17 19 20 22 23 24
Jogo 03: 02 03 04 06 07 08 10 13 15 17 18 19 21 24 25
Jogo 04: 02 04 05 06 09 11 12 13 14 16 19 21 23 24 25
Jogo 05: 01 03 04 07 08 09 10 14 16 17 18 21 22 23 25
Jogo 06: 01 04 05 06 07 12 15 16 17 18 20 22 23 24 25
Jogo 07: 02 03 06 07 08 11 12 14 15 16 19 20 21 22 25
Jogo 08: 01 02 05 08 09 11 14 15 17 18 19 22 23 24 25
Jogo 09: 03 04 05 08 09 10 12 13 14 15 20 22 23 24 25
Jogo 10: 01 03 06 08 09 12 13 15 16 18 19 21 22 23 24
Jogo 11: 01 02 03 05 07 10 13 14 16 18 19 20 21 23 24
Jogo 12: 03 04 06 07 09 10 11 12 14 15 17 18 19 20 23
Jogo 13: 02 03 05 07 09 10 11 12 15 16 17 18 21 22 24
Jogo 14: 01 02 04 06 07 08 09 11 12 13 16 17 18 20 21
Jogo 15: 01 02 04 05 06 10 11 13 15 17 19 20 22 23 25
Jogo 16: 01 04 06 07 08 11 13 14 15 16 19 22 23 24 25
Jogo 17: 01 03 04 05 06 10 11 12 13 18 19 21 22 24 25
Jogo 18: 01 02 04 07 09 11 12 14 15 17 20 21 22 24 25
Jogo 19: 02 04 06 08 09 10 11 13 15 16 20 21 22 24 25
Jogo 20: 01 03 05 07 08 10 11 12 15 18 19 20 22 23 25
Jogo 21: 01 03 04 05 06 10 11 14 16 17 20 21 23 24 25
Jogo 22: 01 04 06 08 09 12 13 14 17 18 19 20 22 24 25
Jogo 23: 01 03 04 06 07 10 12 13 15 16 19 20 21 23 25
Jogo 24: 01 02 04 06 07 10 11 14 17 18 19 21 22 23 24
Jogo 25: 04 05 06 08 09 10 12 15 16 17 19 21 22 23 25
Jogo 26: 02 03 04 05 07 11 13 14 16 17 19 20 22 24 25
Jogo 27: 02 03 06 08 09 10 11 13 14 18 19 20 22 23 25
Jogo 28: 01 03 04 08 09 11 14 15 16 18 19 20 21 24 25
Jogo 29: 01 02 05 06 08 10 12 14 15 17 19 20 21 24 25
Jogo 30: 01 02 04 07 09 10 12 13 16 18 19 22 23 24 25
Jogo 31: 01 05 06 07 09 10 11 12 14 16 19 20 22 23 24
Jogo 32: 02 03 06 07 09 13 15 16 17 18 20 21 22 23 25
Jogo 33: 02 04 05 07 08 10 11 12 13 17 20 21 23 24 25
Jogo 34: 01 02 03 04 06 08 11 12 13 14 17 21 22 23 25
Jogo 35: 01 02 04 05 08 10 13 14 15 16 18 19 21 22 25
Jogo 36: 01 02 03 05 06 09 11 12 15 18 20 21 23 24 25
Jogo 37: 02 03 05 06 07 08 11 13 14 15 18 21 22 23 24
Jogo 38: 01 02 03 04 06 09 10 13 14 16 17 19 20 21 22
Jogo 39: 01 02 05 07 08 09 12 13 14 16 20 21 22 23 25
Jogo 40: 02 03 04 05 08 09 11 14 15 16 17 20 21 22 23
Jogo 41: 03 05 06 07 08 10 12 13 14 16 17 21 22 24 25
Jogo 42: 02 04 05 07 08 09 12 14 15 16 18 19 20 23 24
Jogo 43: 03 04 05 08 09 10 11 13 16 17 18 19 23 24 25
Jogo 44: 01 03 04 05 06 09 11 12 13 15 16 17 19 20 24
Jogo 45: 01 04 05 07 08 10 11 13 14 15 17 18 19 20 24
Jogo 46: 02 04 05 06 07 09 12 13 14 15 17 18 19 21 22
Jogo 47: 01 02 03 06 07 09 10 11 13 14 16 17 18 24 25
Jogo 48: 01 03 04 05 07 08 12 14 15 17 19 21 22 23 24
Jogo 49: 01 02 03 06 07 08 09 12 13 14 15 17 20 23 24
Jogo 50: 01 03 04 05 07 08 09 11 12 13 14 16 18 22 24
Jogo 51: 01 03 04 06 08 10 11 15 16 18 20 21 22 23 25
Jogo 52: 01 02 04 06 07 10 11 12 15 18 19 20 22 24 25

Boa sorte! 🍀
