==============================================
RELATÓRIO COMPLETO DO WIZARD
DATA: 16-02-2026
==============================================

Nota: Para jogos de 15 dezenas, a média esperada por acaso é ~9 acertos.
O foco aqui é tentar aumentar a ocorrência de 11/12+ (cauda), além do alvo 14/15.

------------ BACKTEST — MODO AGRESSIVO ------------
========================================================
BACKTEST — MODO AGRESSIVO
========================================================

Recorte analisado: últimos 501 concursos

Ranking PRINCIPAL (ALVO 14/15):
Prioridade: (qtd_14plus) > score_alvo > 13+ > max > média
score_alvo = 100*(15) + 40*(14) + 10*(13) + 2*(12) + 0*(11)

 jogo  qtd_14plus  prob_14plus  prob_15  score_alvo  score_alvo_por100  score_13plus  media_acertos  max_acertos  min_acertos  11.0  12.0  13.0  14.0  15.0
   49           1       0.1996      0.0          80            15.9681             3         9.0080           14            6    43    10     2     1     0
   46           0       0.0000      0.0          68            13.5729             4         9.0758           13            6    47    14     4     0     0
   48           0       0.0000      0.0          38             7.5848             1         9.0379           13            6    44    14     1     0     0
   14           0       0.0000      0.0          28             5.5888             1         8.9281           13            5    34     9     1     0     0
   51           0       0.0000      0.0          26             5.1896             0         9.0878           12            5    46    13     0     0     0
   16           0       0.0000      0.0          26             5.1896             0         9.0719           12            6    46    13     0     0     0
   22           0       0.0000      0.0          26             5.1896             0         9.0419           12            5    56    13     0     0     0
   33           0       0.0000      0.0          26             5.1896             0         9.0180           12            5    46    13     0     0     0
   17           0       0.0000      0.0          24             4.7904             0         9.0858           12            5    54    12     0     0     0
   20           0       0.0000      0.0          24             4.7904             0         9.0379           12            6    41    12     0     0     0
   44           0       0.0000      0.0          24             4.7904             0         8.9940           12            6    45    12     0     0     0
   42           0       0.0000      0.0          24             4.7904             0         8.9281           12            5    36    12     0     0     0
   47           0       0.0000      0.0          22             4.3912             1         8.9341           13            5    36     6     1     0     0
   18           0       0.0000      0.0          22             4.3912             0         9.0579           12            6    46    11     0     0     0
   39           0       0.0000      0.0          22             4.3912             0         8.9980           12            6    51    11     0     0     0
   27           0       0.0000      0.0          22             4.3912             0         8.9940           12            6    51    11     0     0     0
   11           0       0.0000      0.0          22             4.3912             0         8.9421           12            5    31    11     0     0     0
   19           0       0.0000      0.0          20             3.9920             0         9.1138           12            6    45    10     0     0     0
   15           0       0.0000      0.0          20             3.9920             0         9.1038           12            6    55    10     0     0     0
   10           0       0.0000      0.0          20             3.9920             0         9.0060           12            5    40    10     0     0     0
   38           0       0.0000      0.0          20             3.9920             0         8.9780           12            6    49    10     0     0     0
    9           0       0.0000      0.0          20             3.9920             0         8.9701           12            6    41    10     0     0     0
   12           0       0.0000      0.0          20             3.9920             0         8.9202           12            6    41    10     0     0     0
   52           0       0.0000      0.0          18             3.5928             0         9.0898           12            6    45     9     0     0     0
   26           0       0.0000      0.0          18             3.5928             0         9.0559           12            5    55     9     0     0     0
    7           0       0.0000      0.0          18             3.5928             0         9.0160           12            6    42     9     0     0     0
   30           0       0.0000      0.0          18             3.5928             0         9.0080           12            5    47     9     0     0     0
   23           0       0.0000      0.0          18             3.5928             0         8.9900           12            5    46     9     0     0     0
   29           0       0.0000      0.0          18             3.5928             0         8.9900           12            6    45     9     0     0     0
   28           0       0.0000      0.0          16             3.1936             0         9.0379           12            6    37     8     0     0     0
   35           0       0.0000      0.0          16             3.1936             0         9.0160           12            6    49     8     0     0     0
   32           0       0.0000      0.0          16             3.1936             0         9.0020           12            5    50     8     0     0     0
    4           0       0.0000      0.0          16             3.1936             0         8.9900           12            5    46     8     0     0     0
   13           0       0.0000      0.0          16             3.1936             0         8.9661           12            6    37     8     0     0     0
   43           0       0.0000      0.0          16             3.1936             0         8.9162           12            6    41     8     0     0     0
   36           0       0.0000      0.0          16             3.1936             0         8.9082           12            6    43     8     0     0     0
   21           0       0.0000      0.0          14             2.7944             0         9.0878           12            5    46     7     0     0     0
    6           0       0.0000      0.0          14             2.7944             0         9.0838           12            6    52     7     0     0     0
    8           0       0.0000      0.0          14             2.7944             0         9.0519           12            6    52     7     0     0     0
   24           0       0.0000      0.0          14             2.7944             0         9.0240           12            6    46     7     0     0     0
   31           0       0.0000      0.0          14             2.7944             0         8.9721           12            5    42     7     0     0     0
   25           0       0.0000      0.0          12             2.3952             0         9.0639           12            6    48     6     0     0     0
   34           0       0.0000      0.0          12             2.3952             0         9.0299           12            6    49     6     0     0     0
   45           0       0.0000      0.0          12             2.3952             0         8.9940           12            6    51     6     0     0     0
   37           0       0.0000      0.0          12             2.3952             0         8.9840           12            6    44     6     0     0     0
    2           0       0.0000      0.0          10             1.9960             0         9.0200           12            6    44     5     0     0     0
   40           0       0.0000      0.0           8             1.5968             0         8.9860           12            6    53     4     0     0     0
   41           0       0.0000      0.0           4             0.7984             0         9.0080           12            5    50     2     0     0     0
    1           0       0.0000      0.0           0             0.0000             0         9.0579           11            6    56     0     0     0     0
    3           0       0.0000      0.0           0             0.0000             0         8.9920           11            6    50     0     0     0     0
    5           0       0.0000      0.0           0             0.0000             0         8.9621           11            6    45     0     0     0     0
   50           0       0.0000      0.0           0             0.0000             0         8.9301           11            5    45     0     0     0     0

Ranking SECUNDÁRIO (por média):

 jogo  qtd_14plus  prob_14plus  prob_15  score_alvo  score_alvo_por100  score_13plus  media_acertos  max_acertos  min_acertos  11.0  12.0  13.0  14.0  15.0
   19           0       0.0000      0.0          20             3.9920             0         9.1138           12            6    45    10     0     0     0
   15           0       0.0000      0.0          20             3.9920             0         9.1038           12            6    55    10     0     0     0
   52           0       0.0000      0.0          18             3.5928             0         9.0898           12            6    45     9     0     0     0
   51           0       0.0000      0.0          26             5.1896             0         9.0878           12            5    46    13     0     0     0
   21           0       0.0000      0.0          14             2.7944             0         9.0878           12            5    46     7     0     0     0
   17           0       0.0000      0.0          24             4.7904             0         9.0858           12            5    54    12     0     0     0
    6           0       0.0000      0.0          14             2.7944             0         9.0838           12            6    52     7     0     0     0
   46           0       0.0000      0.0          68            13.5729             4         9.0758           13            6    47    14     4     0     0
   16           0       0.0000      0.0          26             5.1896             0         9.0719           12            6    46    13     0     0     0
   25           0       0.0000      0.0          12             2.3952             0         9.0639           12            6    48     6     0     0     0
   18           0       0.0000      0.0          22             4.3912             0         9.0579           12            6    46    11     0     0     0
    1           0       0.0000      0.0           0             0.0000             0         9.0579           11            6    56     0     0     0     0
   26           0       0.0000      0.0          18             3.5928             0         9.0559           12            5    55     9     0     0     0
    8           0       0.0000      0.0          14             2.7944             0         9.0519           12            6    52     7     0     0     0
   22           0       0.0000      0.0          26             5.1896             0         9.0419           12            5    56    13     0     0     0
   48           0       0.0000      0.0          38             7.5848             1         9.0379           13            6    44    14     1     0     0
   20           0       0.0000      0.0          24             4.7904             0         9.0379           12            6    41    12     0     0     0
   28           0       0.0000      0.0          16             3.1936             0         9.0379           12            6    37     8     0     0     0
   34           0       0.0000      0.0          12             2.3952             0         9.0299           12            6    49     6     0     0     0
   24           0       0.0000      0.0          14             2.7944             0         9.0240           12            6    46     7     0     0     0
    2           0       0.0000      0.0          10             1.9960             0         9.0200           12            6    44     5     0     0     0
   33           0       0.0000      0.0          26             5.1896             0         9.0180           12            5    46    13     0     0     0
    7           0       0.0000      0.0          18             3.5928             0         9.0160           12            6    42     9     0     0     0
   35           0       0.0000      0.0          16             3.1936             0         9.0160           12            6    49     8     0     0     0
   49           1       0.1996      0.0          80            15.9681             3         9.0080           14            6    43    10     2     1     0
   30           0       0.0000      0.0          18             3.5928             0         9.0080           12            5    47     9     0     0     0
   41           0       0.0000      0.0           4             0.7984             0         9.0080           12            5    50     2     0     0     0
   10           0       0.0000      0.0          20             3.9920             0         9.0060           12            5    40    10     0     0     0
   32           0       0.0000      0.0          16             3.1936             0         9.0020           12            5    50     8     0     0     0
   39           0       0.0000      0.0          22             4.3912             0         8.9980           12            6    51    11     0     0     0
   44           0       0.0000      0.0          24             4.7904             0         8.9940           12            6    45    12     0     0     0
   27           0       0.0000      0.0          22             4.3912             0         8.9940           12            6    51    11     0     0     0
   45           0       0.0000      0.0          12             2.3952             0         8.9940           12            6    51     6     0     0     0
    3           0       0.0000      0.0           0             0.0000             0         8.9920           11            6    50     0     0     0     0
   23           0       0.0000      0.0          18             3.5928             0         8.9900           12            5    46     9     0     0     0
   29           0       0.0000      0.0          18             3.5928             0         8.9900           12            6    45     9     0     0     0
    4           0       0.0000      0.0          16             3.1936             0         8.9900           12            5    46     8     0     0     0
   40           0       0.0000      0.0           8             1.5968             0         8.9860           12            6    53     4     0     0     0
   37           0       0.0000      0.0          12             2.3952             0         8.9840           12            6    44     6     0     0     0
   38           0       0.0000      0.0          20             3.9920             0         8.9780           12            6    49    10     0     0     0
   31           0       0.0000      0.0          14             2.7944             0         8.9721           12            5    42     7     0     0     0
    9           0       0.0000      0.0          20             3.9920             0         8.9701           12            6    41    10     0     0     0
   13           0       0.0000      0.0          16             3.1936             0         8.9661           12            6    37     8     0     0     0
    5           0       0.0000      0.0           0             0.0000             0         8.9621           11            6    45     0     0     0     0
   11           0       0.0000      0.0          22             4.3912             0         8.9421           12            5    31    11     0     0     0
   47           0       0.0000      0.0          22             4.3912             1         8.9341           13            5    36     6     1     0     0
   50           0       0.0000      0.0           0             0.0000             0         8.9301           11            5    45     0     0     0     0
   14           0       0.0000      0.0          28             5.5888             1         8.9281           13            5    34     9     1     0     0
   42           0       0.0000      0.0          24             4.7904             0         8.9281           12            5    36    12     0     0     0
   12           0       0.0000      0.0          20             3.9920             0         8.9202           12            6    41    10     0     0     0
   43           0       0.0000      0.0          16             3.1936             0         8.9162           12            6    41     8     0     0     0
   36           0       0.0000      0.0          16             3.1936             0         8.9082           12            6    43     8     0     0     0


------------ BACKTEST — MODO CONSERVADOR ------------
========================================================
BACKTEST — MODO CONSERVADOR
========================================================

Recorte analisado: últimos 501 concursos

Ranking PRINCIPAL (ALVO 14/15):
Prioridade: (qtd_14plus) > score_alvo > 13+ > max > média
score_alvo = 100*(15) + 40*(14) + 10*(13) + 2*(12) + 0*(11)

 jogo  qtd_14plus  prob_14plus  prob_15  score_alvo  score_alvo_por100  score_13plus  media_acertos  max_acertos  min_acertos  11.0  12.0  13.0  14.0  15.0
   45           0          0.0      0.0          44             8.7824             0         9.0060           12            6    41    22     0     0     0
   50           0          0.0      0.0          36             7.1856             2         8.9601           13            6    32     8     2     0     0
   49           0          0.0      0.0          32             6.3872             1         9.0080           13            6    42    11     1     0     0
   34           0          0.0      0.0          28             5.5888             0         9.0659           12            6    49    14     0     0     0
   48           0          0.0      0.0          26             5.1896             1         9.0200           13            6    41     8     1     0     0
   52           0          0.0      0.0          26             5.1896             0         9.1317           12            5    45    13     0     0     0
   23           0          0.0      0.0          26             5.1896             0         9.0798           12            6    54    13     0     0     0
   21           0          0.0      0.0          26             5.1896             0         9.0419           12            5    44    13     0     0     0
   16           0          0.0      0.0          24             4.7904             0         9.1257           12            6    43    12     0     0     0
   24           0          0.0      0.0          24             4.7904             0         9.0359           12            6    41    12     0     0     0
   30           0          0.0      0.0          24             4.7904             0         9.0140           12            5    59    12     0     0     0
   20           0          0.0      0.0          22             4.3912             0         9.0339           12            6    41    11     0     0     0
   25           0          0.0      0.0          22             4.3912             0         8.9880           12            5    45    11     0     0     0
   42           0          0.0      0.0          22             4.3912             0         8.9242           12            6    31    11     0     0     0
   18           0          0.0      0.0          20             3.9920             0         9.0978           12            6    59    10     0     0     0
   17           0          0.0      0.0          20             3.9920             0         9.0559           12            6    47    10     0     0     0
   10           0          0.0      0.0          20             3.9920             0         8.9880           12            6    44    10     0     0     0
   27           0          0.0      0.0          20             3.9920             0         8.9780           12            6    45    10     0     0     0
   14           0          0.0      0.0          20             3.9920             0         8.9581           12            5    38    10     0     0     0
   19           0          0.0      0.0          18             3.5928             0         9.0599           12            5    39     9     0     0     0
   22           0          0.0      0.0          18             3.5928             0         9.0399           12            6    48     9     0     0     0
   44           0          0.0      0.0          18             3.5928             0         9.0140           12            6    45     9     0     0     0
   41           0          0.0      0.0          18             3.5928             0         8.9860           12            6    53     9     0     0     0
   33           0          0.0      0.0          18             3.5928             0         8.9820           12            6    55     9     0     0     0
   46           0          0.0      0.0          18             3.5928             0         8.9581           12            6    31     9     0     0     0
   11           0          0.0      0.0          18             3.5928             0         8.9461           12            5    44     9     0     0     0
   40           0          0.0      0.0          18             3.5928             0         8.9441           12            6    42     9     0     0     0
   15           0          0.0      0.0          16             3.1936             0         9.1038           12            6    49     8     0     0     0
   51           0          0.0      0.0          16             3.1936             0         9.0719           12            6    54     8     0     0     0
   29           0          0.0      0.0          16             3.1936             0         9.0659           12            6    49     8     0     0     0
    7           0          0.0      0.0          16             3.1936             0         9.0599           12            6    50     8     0     0     0
   26           0          0.0      0.0          16             3.1936             0         9.0100           12            5    39     8     0     0     0
    8           0          0.0      0.0          16             3.1936             0         9.0060           12            5    48     8     0     0     0
   39           0          0.0      0.0          16             3.1936             0         8.9980           12            5    51     8     0     0     0
    4           0          0.0      0.0          16             3.1936             0         8.9900           12            5    46     8     0     0     0
   47           0          0.0      0.0          16             3.1936             0         8.9900           12            6    45     8     0     0     0
   37           0          0.0      0.0          16             3.1936             0         8.9780           12            5    42     8     0     0     0
   12           0          0.0      0.0          16             3.1936             0         8.9621           12            6    50     8     0     0     0
   13           0          0.0      0.0          16             3.1936             0         8.9182           12            6    38     8     0     0     0
    6           0          0.0      0.0          14             2.7944             0         9.0659           12            6    52     7     0     0     0
   28           0          0.0      0.0          12             2.3952             0         9.0200           12            6    51     6     0     0     0
   36           0          0.0      0.0          12             2.3952             0         9.0200           12            6    41     6     0     0     0
   43           0          0.0      0.0          12             2.3952             0         8.8922           12            6    37     6     0     0     0
   35           0          0.0      0.0          10             1.9960             0         9.0339           12            5    58     5     0     0     0
   31           0          0.0      0.0          10             1.9960             0         9.0279           12            6    46     5     0     0     0
    2           0          0.0      0.0          10             1.9960             0         9.0200           12            6    44     5     0     0     0
   32           0          0.0      0.0          10             1.9960             0         8.9681           12            6    48     5     0     0     0
    9           0          0.0      0.0           8             1.5968             0         9.0140           12            5    47     4     0     0     0
   38           0          0.0      0.0           8             1.5968             0         9.0080           12            6    54     4     0     0     0
    1           0          0.0      0.0           0             0.0000             0         9.0579           11            6    56     0     0     0     0
    3           0          0.0      0.0           0             0.0000             0         8.9920           11            6    50     0     0     0     0
    5           0          0.0      0.0           0             0.0000             0         8.9621           11            6    45     0     0     0     0

Ranking SECUNDÁRIO (por média):

 jogo  qtd_14plus  prob_14plus  prob_15  score_alvo  score_alvo_por100  score_13plus  media_acertos  max_acertos  min_acertos  11.0  12.0  13.0  14.0  15.0
   52           0          0.0      0.0          26             5.1896             0         9.1317           12            5    45    13     0     0     0
   16           0          0.0      0.0          24             4.7904             0         9.1257           12            6    43    12     0     0     0
   15           0          0.0      0.0          16             3.1936             0         9.1038           12            6    49     8     0     0     0
   18           0          0.0      0.0          20             3.9920             0         9.0978           12            6    59    10     0     0     0
   23           0          0.0      0.0          26             5.1896             0         9.0798           12            6    54    13     0     0     0
   51           0          0.0      0.0          16             3.1936             0         9.0719           12            6    54     8     0     0     0
   34           0          0.0      0.0          28             5.5888             0         9.0659           12            6    49    14     0     0     0
   29           0          0.0      0.0          16             3.1936             0         9.0659           12            6    49     8     0     0     0
    6           0          0.0      0.0          14             2.7944             0         9.0659           12            6    52     7     0     0     0
   19           0          0.0      0.0          18             3.5928             0         9.0599           12            5    39     9     0     0     0
    7           0          0.0      0.0          16             3.1936             0         9.0599           12            6    50     8     0     0     0
    1           0          0.0      0.0           0             0.0000             0         9.0579           11            6    56     0     0     0     0
   17           0          0.0      0.0          20             3.9920             0         9.0559           12            6    47    10     0     0     0
   21           0          0.0      0.0          26             5.1896             0         9.0419           12            5    44    13     0     0     0
   22           0          0.0      0.0          18             3.5928             0         9.0399           12            6    48     9     0     0     0
   24           0          0.0      0.0          24             4.7904             0         9.0359           12            6    41    12     0     0     0
   20           0          0.0      0.0          22             4.3912             0         9.0339           12            6    41    11     0     0     0
   35           0          0.0      0.0          10             1.9960             0         9.0339           12            5    58     5     0     0     0
   31           0          0.0      0.0          10             1.9960             0         9.0279           12            6    46     5     0     0     0
   48           0          0.0      0.0          26             5.1896             1         9.0200           13            6    41     8     1     0     0
   28           0          0.0      0.0          12             2.3952             0         9.0200           12            6    51     6     0     0     0
   36           0          0.0      0.0          12             2.3952             0         9.0200           12            6    41     6     0     0     0
    2           0          0.0      0.0          10             1.9960             0         9.0200           12            6    44     5     0     0     0
   30           0          0.0      0.0          24             4.7904             0         9.0140           12            5    59    12     0     0     0
   44           0          0.0      0.0          18             3.5928             0         9.0140           12            6    45     9     0     0     0
    9           0          0.0      0.0           8             1.5968             0         9.0140           12            5    47     4     0     0     0
   26           0          0.0      0.0          16             3.1936             0         9.0100           12            5    39     8     0     0     0
   49           0          0.0      0.0          32             6.3872             1         9.0080           13            6    42    11     1     0     0
   38           0          0.0      0.0           8             1.5968             0         9.0080           12            6    54     4     0     0     0
   45           0          0.0      0.0          44             8.7824             0         9.0060           12            6    41    22     0     0     0
    8           0          0.0      0.0          16             3.1936             0         9.0060           12            5    48     8     0     0     0
   39           0          0.0      0.0          16             3.1936             0         8.9980           12            5    51     8     0     0     0
    3           0          0.0      0.0           0             0.0000             0         8.9920           11            6    50     0     0     0     0
    4           0          0.0      0.0          16             3.1936             0         8.9900           12            5    46     8     0     0     0
   47           0          0.0      0.0          16             3.1936             0         8.9900           12            6    45     8     0     0     0
   25           0          0.0      0.0          22             4.3912             0         8.9880           12            5    45    11     0     0     0
   10           0          0.0      0.0          20             3.9920             0         8.9880           12            6    44    10     0     0     0
   41           0          0.0      0.0          18             3.5928             0         8.9860           12            6    53     9     0     0     0
   33           0          0.0      0.0          18             3.5928             0         8.9820           12            6    55     9     0     0     0
   27           0          0.0      0.0          20             3.9920             0         8.9780           12            6    45    10     0     0     0
   37           0          0.0      0.0          16             3.1936             0         8.9780           12            5    42     8     0     0     0
   32           0          0.0      0.0          10             1.9960             0         8.9681           12            6    48     5     0     0     0
   12           0          0.0      0.0          16             3.1936             0         8.9621           12            6    50     8     0     0     0
    5           0          0.0      0.0           0             0.0000             0         8.9621           11            6    45     0     0     0     0
   50           0          0.0      0.0          36             7.1856             2         8.9601           13            6    32     8     2     0     0
   14           0          0.0      0.0          20             3.9920             0         8.9581           12            5    38    10     0     0     0
   46           0          0.0      0.0          18             3.5928             0         8.9581           12            6    31     9     0     0     0
   11           0          0.0      0.0          18             3.5928             0         8.9461           12            5    44     9     0     0     0
   40           0          0.0      0.0          18             3.5928             0         8.9441           12            6    42     9     0     0     0
   42           0          0.0      0.0          22             4.3912             0         8.9242           12            6    31    11     0     0     0
   13           0          0.0      0.0          16             3.1936             0         8.9182           12            6    38     8     0     0     0
   43           0          0.0      0.0          12             2.3952             0         8.8922           12            6    37     6     0     0     0


------------ DASHBOARD — RESUMO GERAL (CSV) ------------
       modo  jogos_avaliados  media_acertos  mediana_acertos  max_acertos  min_acertos  score_alvo_total  score_alvo_melhor  score_13plus_total
  agressivo               52       9.010901         9.007984         14.0          5.0            1004.0               80.0                10.0
conservador               52       9.013051         9.011976         13.0          5.0             924.0               44.0                 4.0

------------ DISTRIBUIÇÃO DE ACERTOS (CSV) ------------
       modo  max_acertos  qtd
  agressivo         11.0    4
  agressivo         12.0   43
  agressivo         13.0    4
  agressivo         14.0    1
conservador         11.0    3
conservador         12.0   46
conservador         13.0    3

------------ JOGOS GERADOS — AGRESSIVO ------------
==============================================
WIZARD LOTOFÁCIL - CLI
==============================================
Base histórica: base/base_limpa.xlsx
Modo: agressivo
Últimos: 501 concursos
Jogos finais desejados: 52
Candidatos (amostragem): 300000
Preset: cobertura (param: auto)
Bandas: soft
==============================================

🔍 Lendo combinações de: combinacoes/combinacoes_inteligentes.csv
Modo: agressivo | Jogos finais desejados: 52
Candidatos (amostragem): 300000
Preset: cobertura (param: auto)
Bandas: soft

========================================
        JOGOS GERADOS PELO WIZARD       
========================================
Modo: agressivo
Jogos finais: 52
Preset: cobertura (param: auto)
Bandas: soft

Jogo 01: 01 05 06 07 09 10 11 13 14 15 18 20 21 22 25
Jogo 02: 01 02 03 04 08 10 11 12 16 17 19 20 22 23 24
Jogo 03: 02 03 04 06 07 08 10 13 15 17 18 19 21 24 25
Jogo 04: 02 04 05 06 09 11 12 13 14 16 19 21 23 24 25
Jogo 05: 01 03 04 07 08 09 10 14 16 17 18 21 22 23 25
Jogo 06: 01 03 04 05 06 12 14 15 16 18 19 20 22 24 25
Jogo 07: 02 04 07 08 09 11 12 13 15 17 20 21 22 23 25
Jogo 08: 01 06 07 08 09 11 14 15 16 17 19 20 23 24 25
Jogo 09: 01 02 03 05 09 10 12 13 15 18 19 21 22 23 24
Jogo 10: 01 03 05 06 08 10 12 13 14 17 19 20 21 23 25
Jogo 11: 02 03 04 05 07 11 13 14 16 17 18 20 21 22 24
Jogo 12: 04 05 06 08 09 10 12 15 16 17 18 20 21 23 24
Jogo 13: 01 02 03 05 06 07 09 10 11 12 16 17 18 24 25
Jogo 14: 02 03 04 05 07 08 09 10 13 14 15 16 19 20 23
Jogo 15: 01 04 06 07 08 10 11 13 15 16 19 21 22 23 25
Jogo 16: 01 02 04 06 09 11 12 15 17 18 19 21 22 24 25
Jogo 17: 01 03 06 07 08 11 12 13 15 18 20 22 23 24 25
Jogo 18: 02 04 05 06 08 10 11 14 15 17 19 20 21 22 25
Jogo 19: 01 02 04 06 07 10 11 13 14 17 20 22 23 24 25
Jogo 20: 01 04 05 08 09 10 11 14 15 18 19 22 23 24 25
Jogo 21: 01 03 04 05 07 10 11 12 15 17 20 21 22 24 25
Jogo 22: 02 03 04 06 07 12 14 15 16 17 19 21 22 23 25
Jogo 23: 03 04 06 08 09 11 13 14 15 18 19 20 21 23 25
Jogo 24: 02 05 06 08 09 10 11 13 15 16 20 22 23 24 25
Jogo 25: 01 04 06 07 09 10 11 12 14 16 19 20 21 22 24
Jogo 26: 01 02 04 05 09 10 12 14 15 16 20 21 22 23 25
Jogo 27: 01 02 03 06 09 11 13 16 17 18 20 21 22 23 25
Jogo 28: 01 02 05 07 08 12 13 15 16 17 19 22 23 24 25
Jogo 29: 01 03 05 06 07 10 11 14 17 18 19 21 22 23 24
Jogo 30: 02 03 07 08 09 11 13 14 15 16 19 21 22 24 25
Jogo 31: 04 05 06 07 09 10 12 14 17 18 19 20 22 23 25
Jogo 32: 01 03 04 05 07 10 11 13 16 18 19 20 23 24 25
Jogo 33: 02 03 05 06 09 12 13 14 15 17 20 21 22 24 25
Jogo 34: 01 02 05 07 08 10 12 14 15 18 19 20 21 24 25
Jogo 35: 01 02 03 06 07 13 14 15 16 18 19 20 21 23 24
Jogo 36: 02 03 05 08 09 11 12 14 17 18 19 21 22 23 25
Jogo 37: 02 03 04 06 07 09 10 11 15 16 18 19 22 23 24
Jogo 38: 01 04 05 06 08 09 11 12 13 16 18 19 20 22 23
Jogo 39: 03 04 05 06 08 11 12 13 15 16 17 19 21 22 24
Jogo 40: 01 02 04 05 08 10 11 12 13 17 18 21 23 24 25
Jogo 41: 01 03 04 08 09 11 12 13 14 16 17 20 21 24 25
Jogo 42: 02 04 05 07 08 09 10 12 13 16 18 19 21 22 25
Jogo 43: 02 03 07 08 09 10 12 13 14 17 18 19 20 22 24
Jogo 44: 01 02 03 04 07 09 11 12 14 15 17 18 20 23 24
Jogo 45: 01 02 04 05 06 08 09 10 13 14 16 17 19 22 24
Jogo 46: 01 03 04 06 07 09 10 12 13 14 15 19 23 24 25
Jogo 47: 02 03 05 06 07 08 10 11 12 16 18 20 21 22 23
Jogo 48: 01 02 03 06 08 10 11 12 14 15 16 18 19 23 25
Jogo 49: 01 03 04 06 07 09 10 12 13 15 16 17 18 20 22
Jogo 50: 02 04 05 06 08 09 11 13 15 16 17 18 21 22 23
Jogo 51: 01 03 04 06 09 10 11 14 15 17 20 21 22 23 25
Jogo 52: 01 04 05 06 09 11 12 13 15 17 20 22 23 24 25

Boa sorte! 🍀


------------ JOGOS GERADOS — CONSERVADOR ------------
==============================================
WIZARD LOTOFÁCIL - CLI
==============================================
Base histórica: base/base_limpa.xlsx
Modo: conservador
Últimos: 501 concursos
Jogos finais desejados: 52
Candidatos (amostragem): 300000
Preset: cobertura (param: auto)
Bandas: soft
==============================================

🔍 Lendo combinações de: combinacoes/combinacoes_inteligentes.csv
Modo: conservador | Jogos finais desejados: 52
Candidatos (amostragem): 300000
Preset: cobertura (param: auto)
Bandas: soft

========================================
        JOGOS GERADOS PELO WIZARD       
========================================
Modo: conservador
Jogos finais: 52
Preset: cobertura (param: auto)
Bandas: soft

Jogo 01: 01 05 06 07 09 10 11 13 14 15 18 20 21 22 25
Jogo 02: 01 02 03 04 08 10 11 12 16 17 19 20 22 23 24
Jogo 03: 02 03 04 06 07 08 10 13 15 17 18 19 21 24 25
Jogo 04: 02 04 05 06 09 11 12 13 14 16 19 21 23 24 25
Jogo 05: 01 03 04 07 08 09 10 14 16 17 18 21 22 23 25
Jogo 06: 01 04 05 06 07 12 15 16 17 18 20 22 23 24 25
Jogo 07: 02 03 06 07 08 11 12 14 15 16 19 20 21 22 25
Jogo 08: 01 02 05 08 09 11 14 15 17 18 19 22 23 24 25
Jogo 09: 03 04 05 08 09 10 12 13 14 15 20 22 23 24 25
Jogo 10: 01 03 06 08 09 12 13 15 16 18 19 21 22 23 24
Jogo 11: 01 02 03 05 07 10 13 14 16 18 19 20 21 23 24
Jogo 12: 03 04 06 07 09 10 11 12 14 15 17 18 19 20 23
Jogo 13: 02 03 05 07 09 10 11 12 15 16 17 18 21 22 24
Jogo 14: 01 02 04 06 07 08 09 11 12 13 16 17 18 20 21
Jogo 15: 01 02 04 05 06 10 11 13 15 17 19 20 22 23 25
Jogo 16: 01 04 06 07 08 11 13 14 15 16 19 22 23 24 25
Jogo 17: 01 03 04 05 06 10 11 12 13 18 19 21 22 24 25
Jogo 18: 01 02 04 07 09 11 12 14 15 17 20 21 22 24 25
Jogo 19: 02 04 06 08 09 10 11 13 15 16 20 21 22 24 25
Jogo 20: 01 03 05 07 08 10 11 12 15 18 19 20 22 23 25
Jogo 21: 01 03 04 05 06 10 11 14 16 17 20 21 23 24 25
Jogo 22: 01 04 06 08 09 12 13 14 17 18 19 20 22 24 25
Jogo 23: 01 03 04 06 07 10 12 13 15 16 19 20 21 23 25
Jogo 24: 01 02 04 06 07 10 11 14 17 18 19 21 22 23 24
Jogo 25: 04 05 06 08 09 10 12 15 16 17 19 21 22 23 25
Jogo 26: 02 03 04 05 07 11 13 14 16 17 19 20 22 24 25
Jogo 27: 02 03 06 08 09 10 11 13 14 18 19 20 22 23 25
Jogo 28: 01 03 04 08 09 11 14 15 16 18 19 20 21 24 25
Jogo 29: 01 02 05 06 08 10 12 14 15 17 19 20 21 24 25
Jogo 30: 01 02 04 07 09 10 12 13 16 18 19 22 23 24 25
Jogo 31: 01 05 06 07 09 10 11 12 14 16 19 20 22 23 24
Jogo 32: 02 03 06 07 09 13 15 16 17 18 20 21 22 23 25
Jogo 33: 02 04 05 07 08 10 11 12 13 17 20 21 23 24 25
Jogo 34: 01 02 03 04 06 08 11 12 13 14 17 21 22 23 25
Jogo 35: 01 02 04 05 08 10 13 14 15 16 18 19 21 22 25
Jogo 36: 01 02 03 05 06 09 11 12 15 18 20 21 23 24 25
Jogo 37: 02 03 05 06 07 08 11 13 14 15 18 21 22 23 24
Jogo 38: 01 02 03 04 06 09 10 13 14 16 17 19 20 21 22
Jogo 39: 01 02 05 07 08 09 12 13 14 16 20 21 22 23 25
Jogo 40: 02 03 04 05 08 09 11 14 15 16 17 20 21 22 23
Jogo 41: 03 05 06 07 08 10 12 13 14 16 17 21 22 24 25
Jogo 42: 02 04 05 07 08 09 12 14 15 16 18 19 20 23 24
Jogo 43: 03 04 05 08 09 10 11 13 16 17 18 19 23 24 25
Jogo 44: 01 03 04 05 06 09 11 12 13 15 16 17 19 20 24
Jogo 45: 01 04 05 07 08 10 11 13 14 15 17 18 19 20 24
Jogo 46: 02 04 05 06 07 09 12 13 14 15 17 18 19 21 22
Jogo 47: 01 02 03 06 07 09 10 11 13 14 16 17 18 24 25
Jogo 48: 01 03 04 05 07 08 12 14 15 17 19 21 22 23 24
Jogo 49: 01 02 03 06 07 08 09 12 13 14 15 17 20 23 24
Jogo 50: 01 03 04 05 07 08 09 11 12 13 14 16 18 22 24
Jogo 51: 01 03 04 06 08 10 11 15 16 18 20 21 22 23 25
Jogo 52: 01 02 04 06 07 10 11 12 15 18 19 20 22 24 25

Boa sorte! 🍀


============ RECOMENDAÇÃO FINAL — FOCO 14/15 ============
Ranking principal:
Prioridade: (qtd_14plus) > score_alvo > 13+ > max > média
score_alvo = 100*(15) + 40*(14) + 10*(13) + 2*(12) + 0*(11)

Se você for apostar SÓ 1 jogo (recomendado) — MELHOR GLOBAL:
➡️  AG (Jogo 49): 01 03 04 06 07 09 10 12 13 15 16 17 18 20 22

Se você for apostar 2 jogos (opções):
✅ Opção A — 2 do MESMO MODO do melhor global (maior coerência + diversidade):
   - AG 49: 01 03 04 06 07 09 10 12 13 15 16 17 18 20 22
   - AG 20: 01 04 05 08 09 10 11 14 15 18 19 22 23 24 25
   (overlap: 7 dezenas repetidas)

✅ Opção B — 1 AGRESSIVO + 1 CONSERVADOR (diversificação de estilo):
   - AG 49: 01 03 04 06 07 09 10 12 13 15 16 17 18 20 22
   - CO 45: 01 04 05 07 08 10 11 13 14 15 17 18 19 20 24
   (overlap: 9 dezenas repetidas)

✅ Opção C — 2 MELHORES GLOBAIS com menor overlap (mistura AG/CO se valer):
   - AG 49: 01 03 04 06 07 09 10 12 13 15 16 17 18 20 22
   - AG 20: 01 04 05 08 09 10 11 14 15 18 19 22 23 24 25
   (overlap: 7 dezenas repetidas)

============ RECOMENDAÇÃO ALTERNATIVA — FOCO 11/12+ (CAUDA) ============
Objetivo: aumentar ocorrência de 11/12+ no recorte (mais realista do que 14/15).
score_cauda = 5*(12) + 2*(11) + 1*(10) + 0.5*(13)
Desempate: prob_12plus > max > média > score_alvo

Se você for apostar SÓ 1 jogo (recomendado) — MELHOR GLOBAL (CAUDA):
➡️  CO (Jogo 45): 01 04 05 07 08 10 11 13 14 15 17 18 19 20 24

Se você for apostar 2 jogos (CAUDA) — dupla mais diversa:
   - CO 45: 01 04 05 07 08 10 11 13 14 15 17 18 19 20 24
   - AG 22: 02 03 04 06 07 12 14 15 16 17 19 21 22 23 25
   (overlap: 6 dezenas repetidas)
